% 11368	36792
0	1	791
0	2	360
0	6	438
1	0	791
1	2325	312
2	3	88
2	0	360
2	925	326
3	2	88
3	1312	198
3	2324	267
4	5	724
5	4	724
5	1881	238
5	1880	713
5	96	1701
6	1812	2756
6	0	438
6	1883	2595
7	8	166
7	1308	4056
8	7	166
8	91	30
8	90	391
9	10	687
9	13	325
9	14	666
9	11	258
10	9	687
11	12	731
11	21	212
11	9	258
11	22	795
12	11	731
13	9	325
13	90	206
13	92	1593
13	93	410
14	9	666
15	16	631
15	19	182
15	24	586
15	25	725
16	15	631
17	18	650
17	21	194
17	19	184
17	26	683
18	17	650
19	20	629
19	15	182
19	17	184
19	27	811
20	19	629
21	11	212
21	17	194
21	23	753
21	2279	756
22	11	795
23	21	753
24	15	586
24	61	719
24	2281	812
25	15	725
26	17	683
27	19	811
28	29	325
28	1744	435
28	1747	475
28	1746	1188
29	28	325
29	1745	960
29	1756	821
30	31	584
30	1524	2750
30	1729	222
30	1719	747
31	30	584
31	32	625
32	33	450
32	31	625
32	35	507
33	32	450
33	34	501
33	74	650
33	75	1030
34	33	501
34	38	1467
34	35	593
34	37	368
35	32	507
35	34	593
35	38	874
36	37	298
37	36	298
37	39	366
37	34	368
38	34	1467
38	40	387
38	35	874
38	1719	431
39	37	366
40	38	387
40	1540	1180
40	1542	818
40	1728	2683
41	42	1138
41	1430	765
41	1429	557
41	1432	2015
41	367	279
42	41	1138
43	44	416
43	45	1070
43	255	943
44	43	416
44	2276	688
44	46	610
45	43	1070
46	47	675
46	48	1269
46	44	610
47	46	675
47	49	186
47	2305	1051
48	46	1269
49	47	186
49	2267	889
49	2268	473
50	51	95
50	84	249
50	1662	287
51	50	95
52	266	1022
52	268	308
53	54	2555
53	410	551
54	53	2555
54	408	737
54	409	2040
55	404	1188
55	56	676
56	57	435
56	55	676
56	406	3744
57	56	435
58	583	448
58	584	1400
59	60	591
59	1619	751
59	1622	511
59	1626	1692
60	59	591
60	62	1260
60	1624	544
60	1625	406
61	24	719
62	60	1260
62	1687	222
62	1689	279
63	64	446
64	63	446
64	793	337
64	1338	438
65	66	562
66	65	562
66	69	324
66	70	136
67	68	411
67	72	556
67	771	597
68	67	411
69	66	324
70	66	136
70	73	100
71	72	237
71	73	125
71	1338	699
72	71	237
72	67	556
73	70	100
73	71	125
73	771	759
74	33	650
75	33	1030
76	77	419
76	78	835
76	79	591
77	76	419
77	1338	669
77	1345	475
78	76	835
78	79	626
78	81	678
79	76	591
79	78	626
79	80	673
80	79	673
80	81	631
81	78	678
81	80	631
81	1353	853
82	83	3877
82	1350	1411
82	1354	872
83	82	3877
83	1387	336
84	50	249
85	86	1760
85	87	677
85	1942	599
86	85	1760
86	1947	283
87	85	677
87	1946	2352
87	1942	360
88	89	793
88	154	2831
89	88	793
89	132	2103
90	13	206
90	8	391
91	8	30
91	1325	3462
92	13	1593
93	13	410
93	94	1151
94	93	1151
95	96	613
95	128	789
95	1880	1727
96	95	613
96	5	1701
97	98	822
97	112	162
97	1056	588
97	1295	262
98	97	822
98	1050	848
98	1054	276
98	1055	2053
99	100	306
99	578	740
100	99	306
100	579	501
101	102	447
101	135	1577
101	158	406
102	101	447
103	104	800
103	154	176
103	197	605
104	103	800
104	192	1410
104	193	983
105	106	347
105	107	56
105	852	758
105	842	1893
106	105	347
107	105	56
107	108	560
108	109	324
108	840	1818
108	107	560
109	108	324
110	111	312
110	1292	403
110	1307	557
111	110	312
112	97	162
112	1047	677
113	114	558
113	166	865
113	152	900
114	113	558
114	157	577
115	116	904
115	979	209
115	2161	609
116	115	904
117	118	296
117	119	1270
117	849	107
118	117	296
119	117	1270
119	834	806
119	835	688
120	121	475
120	122	475
121	120	475
121	1898	1976
122	120	475
122	123	435
123	122	435
123	124	3454
124	123	3454
124	150	629
125	126	818
125	606	1322
125	608	4226
126	125	818
126	127	4358
126	172	818
127	126	4358
127	706	418
127	608	884
128	95	789
128	1882	1652
129	130	6176
129	131	475
130	129	6176
130	1889	2016
131	129	475
132	89	2103
132	133	2833
132	134	1344
133	132	2833
133	138	1458
133	193	1120
133	194	1945
134	132	1344
135	101	1577
135	136	610
135	137	877
136	135	610
137	135	877
137	143	279
137	146	580
138	133	1458
138	139	2085
138	146	847
139	138	2085
139	194	1671
139	207	2145
139	147	788
140	143	1322
140	145	1810
141	258	238
141	145	1008
141	259	809
142	263	1510
143	137	279
143	144	1501
143	140	1322
144	143	1501
144	145	975
144	148	938
145	140	1810
145	144	975
145	141	1008
146	138	847
146	147	2216
146	137	580
147	146	2216
147	148	975
147	139	788
147	208	2078
148	144	938
148	147	975
148	149	872
148	259	1863
149	148	872
149	261	1073
149	260	1917
150	124	629
150	151	201
150	152	2598
151	150	201
151	153	877
151	155	3223
152	150	2598
152	163	435
152	164	737
152	113	900
153	151	877
153	159	516
153	160	1724
154	88	2831
154	103	176
154	156	1115
154	197	601
155	156	2488
155	151	3223
156	155	2488
156	159	2876
156	154	1115
157	114	577
157	1899	297
158	101	406
159	153	516
159	161	975
159	162	806
159	156	2876
160	153	1724
160	164	975
160	169	604
161	159	975
161	169	927
161	179	877
162	159	806
162	179	927
162	185	1208
163	152	435
164	152	737
164	165	672
164	160	975
165	164	672
165	169	1066
165	166	750
165	171	1344
166	113	865
166	167	1530
166	168	2416
166	165	750
167	166	1530
167	173	1161
167	175	1945
168	166	2416
168	175	1254
168	189	2682
169	160	604
169	165	1066
169	170	612
169	161	927
170	169	612
170	171	1334
170	180	1274
171	165	1344
171	170	1334
171	182	1098
172	173	713
172	126	818
172	176	4625
173	172	713
173	174	1577
173	167	1161
174	173	1577
174	709	3049
175	167	1945
175	177	750
175	178	2953
175	168	1254
176	172	4625
176	706	418
176	709	713
177	175	750
178	175	2953
178	190	983
178	709	1022
178	710	2413
179	161	877
179	181	737
179	162	927
180	170	1274
180	183	939
180	186	1023
181	179	737
182	171	1098
182	184	2626
182	183	681
183	180	939
183	182	681
183	188	1098
183	187	2056
184	182	2626
184	229	373
184	231	610
185	162	1208
185	187	1007
185	198	2182
185	186	980
186	180	1023
186	185	980
187	185	1007
187	183	2056
187	219	947
188	183	1098
188	220	1008
188	219	1362
189	168	2682
189	190	373
189	231	557
190	189	373
190	178	983
190	191	2346
191	190	2346
191	232	983
191	710	950
191	241	1304
192	104	1410
192	195	697
192	200	884
193	133	1120
193	104	983
193	195	1619
194	133	1945
194	206	1341
194	139	1671
195	193	1619
195	192	697
195	196	737
196	195	737
196	201	1438
196	205	806
197	154	601
197	200	952
197	2280	958
197	103	605
198	185	2182
198	199	1102
198	202	1257
199	198	1102
199	204	1482
199	203	1906
200	201	750
200	192	884
200	197	952
201	200	750
201	203	337
201	196	1438
202	198	1257
203	201	337
203	199	1906
203	212	336
204	199	1482
204	214	511
204	235	238
205	196	806
205	206	1205
205	212	1533
205	210	1007
206	194	1341
206	209	872
206	205	1205
207	139	2145
207	208	884
207	209	1631
207	279	936
208	147	2078
208	207	884
208	261	884
208	2326	589
209	206	872
209	210	1120
209	211	1274
209	207	1631
210	209	1120
210	205	1007
210	217	238
211	209	1274
211	287	872
212	203	336
212	213	1079
212	205	1533
213	212	1079
213	214	1357
213	216	2377
213	217	1254
214	204	511
214	215	2280
214	213	1357
215	214	2280
215	236	747
215	238	806
215	288	788
216	213	2377
216	288	884
216	289	1026
216	290	788
217	213	1254
217	218	1755
217	210	238
218	217	1755
219	187	947
219	188	1362
219	221	273
220	188	1008
220	226	1395
220	229	1022
221	219	273
221	226	403
221	2307	422
222	223	676
223	222	676
223	224	747
223	225	2365
223	235	788
224	223	747
224	226	788
224	228	2414
225	223	2365
225	228	794
225	236	800
226	220	1395
226	227	1409
226	224	788
226	221	403
227	226	1409
227	233	1501
227	237	1073
228	224	2414
228	225	794
228	237	884
229	184	373
229	230	2216
229	220	1022
230	229	2216
230	232	847
230	234	1022
230	240	1182
231	184	610
231	189	557
231	232	2212
232	231	2212
232	191	983
232	230	847
233	234	1140
233	227	1501
233	1359	797
234	233	1140
234	230	1022
234	237	1446
235	223	788
235	236	2280
235	204	238
236	235	2280
236	215	747
236	225	800
237	227	1073
237	228	884
237	234	1446
237	239	536
238	215	806
238	244	3223
238	298	939
239	237	536
239	243	452
239	244	276
240	230	1182
240	242	1085
240	243	1258
240	245	1281
241	242	1139
241	191	1304
241	252	562
242	241	1139
242	240	1085
242	251	1266
243	239	452
243	240	1258
243	245	672
244	239	276
244	246	869
244	238	3223
245	243	672
245	240	1281
245	247	806
246	244	869
246	248	373
246	249	765
246	298	2888
247	245	806
247	251	1446
247	254	737
248	246	373
248	250	1274
249	246	765
249	300	1151
249	302	1344
250	248	1274
250	254	418
250	301	872
251	242	1266
251	252	2282
251	253	750
251	247	1446
252	251	2282
252	241	562
252	743	765
252	750	1897
252	751	939
253	251	750
253	254	1306
253	757	788
253	307	872
254	247	737
254	253	1306
254	250	418
255	256	356
255	268	606
255	43	943
255	2277	373
256	255	356
256	257	768
257	256	768
258	141	238
259	141	809
259	148	1863
259	260	938
260	259	938
260	149	1917
260	264	604
261	149	1073
261	264	2004
261	208	884
262	263	947
262	264	279
262	265	1145
262	266	1493
263	262	947
263	142	1510
264	260	604
264	262	279
264	261	2004
265	262	1145
265	267	4143
266	52	1022
266	262	1493
267	265	4143
267	270	778
267	330	612
267	332	557
267	333	354
268	52	308
268	255	606
269	270	3089
269	274	1179
269	2271	153
270	269	3089
270	267	778
271	272	1021
271	273	1459
272	271	1021
272	274	847
273	271	1459
273	277	222
274	269	1179
274	275	2542
274	276	2810
274	272	847
275	274	2542
275	276	737
275	335	1530
276	274	2810
276	275	737
276	336	1209
277	273	222
277	278	2111
278	277	2111
278	336	1530
278	345	1686
279	207	936
279	280	928
279	284	1099
280	279	928
280	283	1881
280	282	3029
281	282	3582
281	290	728
282	281	3582
282	280	3029
282	296	461
283	280	1881
283	284	669
283	291	2457
284	279	1099
284	285	1321
284	283	669
285	286	980
285	284	1321
285	287	754
286	285	980
287	211	872
287	285	754
287	291	612
288	216	884
288	215	788
288	297	1007
289	216	1026
289	292	2280
289	297	1022
290	216	788
290	291	1126
290	281	728
291	290	1126
291	287	612
291	283	2457
292	289	2280
292	293	1344
292	294	1481
293	292	1344
293	311	1007
293	312	2112
293	295	764
294	292	1481
294	295	2028
294	296	1336
294	331	1115
295	294	2028
295	293	764
295	339	1179
296	294	1336
296	330	1558
296	282	461
297	288	1007
297	299	3356
297	289	1022
298	238	939
298	246	2888
299	297	3356
299	313	747
300	249	1151
300	303	1533
300	304	511
301	250	872
301	304	750
301	307	1724
302	249	1344
303	300	1533
303	304	1848
304	303	1848
304	300	511
304	301	750
304	306	527
305	306	223
305	308	279
305	315	788
305	318	931
306	305	223
306	304	527
307	301	1724
307	253	872
307	1335	536
308	305	279
308	309	418
308	310	872
308	318	827
309	308	418
309	319	279
310	308	872
310	1340	1446
311	293	1007
312	293	2112
312	314	610
312	339	1293
313	299	747
313	316	688
314	312	610
315	316	1530
315	305	788
315	318	750
316	315	1530
316	317	1529
316	313	688
317	316	1529
317	321	562
317	322	1768
318	315	750
318	305	931
318	308	827
318	320	599
319	309	279
319	1341	2090
319	1360	836
320	318	599
320	322	336
321	317	562
321	341	4143
322	317	1768
322	320	336
322	323	344
322	326	681
323	322	344
323	324	983
323	325	747
324	323	983
324	328	1220
324	329	605
325	323	747
325	1360	747
325	328	1085
326	322	681
326	327	1685
327	326	1685
327	361	688
327	362	629
328	324	1220
328	325	1085
328	1367	473
329	324	605
330	296	1558
330	331	2224
330	267	612
331	330	2224
331	294	1115
331	339	2688
331	340	588
332	267	557
332	334	418
333	267	354
334	332	418
334	337	1897
334	338	2321
334	335	1114
335	275	1530
335	334	1114
336	276	1209
336	344	1741
336	345	336
336	278	1530
337	334	1897
337	340	336
337	341	2248
338	334	2321
338	342	1483
338	343	7036
338	344	1848
339	331	2688
339	295	1179
339	312	1293
339	360	676
340	331	588
340	337	336
341	337	2248
341	321	4143
341	360	354
342	338	1483
342	354	5828
342	355	6333
343	338	7036
343	361	688
344	336	1741
344	338	1848
345	336	336
345	346	1611
345	347	672
345	278	1686
346	345	1611
346	348	614
346	351	3352
347	345	672
347	349	1124
347	350	509
348	346	614
348	353	7023
349	347	1124
350	347	509
350	2291	567
350	2292	508
351	346	3352
351	437	2547
351	438	2088
352	353	538
352	354	818
353	352	538
353	348	7023
354	342	5828
354	352	818
354	363	580
354	364	818
355	342	6333
355	362	778
356	357	1945
356	399	737
356	2308	473
357	356	1945
357	436	2346
357	400	788
358	359	621
358	2311	95
358	377	539
359	358	621
360	339	676
360	341	354
361	343	688
361	327	688
362	327	629
362	355	778
362	365	1274
363	354	580
363	365	1631
364	354	818
364	368	788
365	362	1274
365	363	1631
365	384	279
365	1434	279
365	386	551
366	367	806
367	366	806
367	41	279
367	1433	1884
367	1434	202
368	364	788
368	384	344
368	385	276
369	370	1150
369	380	336
369	381	737
370	369	1150
370	371	773
370	374	994
371	370	773
371	375	1816
371	381	1104
371	391	1044
372	373	284
372	374	840
372	377	564
372	2310	66
373	372	284
374	372	840
374	370	994
375	376	976
375	371	1816
375	378	984
376	375	976
376	2310	136
376	2312	615
377	372	564
377	2328	110
377	358	539
378	379	932
378	473	403
378	375	984
379	378	932
379	2311	540
379	2312	607
380	369	336
381	369	737
381	382	373
381	383	1008
381	371	1104
382	381	373
383	381	1008
383	392	373
383	393	939
383	391	1063
384	368	344
384	365	279
384	386	557
384	385	279
385	368	276
385	384	279
385	387	889
385	388	336
386	384	557
386	365	551
386	1444	809
387	385	889
387	1445	605
388	389	473
388	385	336
389	388	473
389	390	418
390	389	418
390	392	473
391	371	1044
391	383	1063
391	476	2581
392	383	373
392	390	473
392	394	562
393	383	939
393	401	975
393	402	889
393	480	336
394	392	562
394	395	354
394	396	778
395	394	354
396	394	778
396	397	927
396	398	110
397	396	927
397	402	1640
397	1449	511
397	482	806
398	396	110
398	401	429
399	400	1676
399	356	737
399	2291	467
400	399	1676
400	357	788
400	445	2778
400	440	101
401	398	429
401	393	975
402	393	889
402	481	806
402	397	1640
402	483	1672
403	404	737
404	55	1188
404	403	737
404	405	3729
405	404	3729
405	406	649
406	56	3744
406	407	473
406	405	649
407	406	473
408	54	737
408	414	750
408	415	1483
408	413	2559
409	54	2040
409	447	1115
409	450	880
409	2301	524
410	411	475
410	53	551
410	413	612
411	410	475
411	412	1062
412	411	1062
412	418	788
412	420	1092
412	423	612
413	410	612
413	408	2559
413	418	354
414	408	750
414	416	975
414	417	737
414	419	2508
415	408	1483
416	414	975
417	414	737
417	422	2458
417	505	927
417	428	750
418	413	354
418	419	336
418	412	788
419	418	336
419	414	2508
419	421	336
420	412	1092
420	424	473
420	421	1501
420	426	1033
421	419	336
421	422	336
421	420	1501
422	421	336
422	425	806
422	417	2458
423	412	612
423	424	1014
424	423	1014
424	420	473
425	422	806
425	427	806
425	428	2368
425	426	1901
426	420	1033
426	425	1901
426	429	869
427	425	806
427	429	2179
427	431	676
427	432	2458
428	425	2368
428	417	750
428	510	649
428	432	872
429	426	869
429	427	2179
429	430	806
429	575	418
430	429	806
430	431	2142
430	578	649
430	579	706
431	427	676
431	433	828
431	434	2598
431	430	2142
432	427	2458
432	428	872
432	512	557
432	434	872
433	431	828
433	435	1590
433	578	2489
434	431	2598
434	432	872
434	525	2145
435	433	1590
435	574	4777
435	525	2508
436	357	2346
436	437	713
436	466	1073
436	465	788
437	351	2547
437	443	782
437	436	713
438	351	2088
438	444	1030
438	473	914
439	440	100
439	441	737
439	452	1377
440	439	100
440	400	101
441	439	737
441	442	672
441	453	1344
442	441	672
442	465	737
442	459	1393
443	444	1409
443	437	782
443	474	1558
444	443	1409
444	438	1030
445	400	2778
445	446	458
445	447	331
446	445	458
447	445	331
447	448	806
447	409	1115
448	447	806
448	451	511
448	454	418
448	455	604
449	450	2003
449	506	1223
449	461	1160
449	507	806
450	449	2003
450	409	880
451	448	511
452	453	672
452	439	1377
452	454	1270
453	452	672
453	456	1344
453	441	1344
453	459	737
454	448	418
454	452	1270
455	448	604
455	456	418
455	457	737
455	458	418
456	453	1344
456	455	418
457	455	737
457	460	418
457	461	872
457	462	279
458	455	418
459	460	1344
459	453	737
459	442	1393
459	463	806
460	459	1344
460	457	418
461	457	872
461	449	1160
461	464	418
462	457	279
463	464	1254
463	459	806
463	465	1445
464	463	1254
464	461	418
465	442	737
465	436	788
465	467	872
465	463	1445
466	436	1073
466	468	697
466	469	604
466	470	788
467	465	872
467	470	201
467	515	2319
468	466	697
469	466	604
469	493	610
469	494	672
470	467	201
470	466	788
470	471	737
471	470	737
471	472	1344
471	517	1445
472	471	1344
472	518	1501
472	536	1393
472	523	676
473	438	914
473	378	403
473	474	1976
474	473	1976
474	475	782
474	443	1558
475	474	782
475	489	222
475	477	435
475	491	588
476	477	276
476	391	2581
477	476	276
477	478	344
477	475	435
478	477	344
478	479	279
478	489	403
479	478	279
479	484	884
479	487	1810
480	393	336
481	402	806
481	482	1640
481	486	1672
482	481	1640
482	397	806
482	497	1209
483	484	747
483	402	1672
483	486	806
484	483	747
484	485	1814
484	479	884
485	484	1814
485	487	747
485	488	747
485	498	1274
486	483	806
486	481	1672
486	488	1008
487	479	1810
487	485	747
487	495	1274
487	490	750
488	486	1008
488	496	1274
488	497	3294
488	485	747
489	475	222
489	478	403
489	490	1744
490	489	1744
490	487	750
490	500	939
491	475	588
491	492	551
492	491	551
492	541	2359
493	469	610
494	469	672
495	487	1274
495	500	818
495	498	747
496	488	1274
496	499	2882
496	498	747
497	488	3294
497	482	1209
497	1451	475
497	499	2006
498	485	1274
498	496	747
498	495	747
499	496	2882
499	497	2006
499	1611	373
499	1619	1115
500	490	939
500	501	1188
500	495	818
501	500	1188
501	502	354
501	545	610
502	501	354
502	554	1501
503	504	1398
503	530	268
504	503	1398
504	508	453
504	519	1558
505	417	927
506	449	1223
506	511	336
506	513	1352
507	449	806
507	508	1073
507	509	1623
508	507	1073
508	514	1672
508	504	453
509	507	1623
509	515	418
510	428	649
511	506	336
512	432	557
513	506	1352
513	2309	731
514	508	1672
514	516	373
515	467	2319
515	516	1073
515	509	418
516	515	1073
516	517	836
516	514	373
517	516	836
517	471	1445
517	518	1409
518	517	1409
518	522	536
518	472	1501
518	520	1344
519	504	1558
519	526	1254
519	531	1672
520	521	270
520	518	1344
520	530	498
521	520	270
521	1007	1124
522	518	536
522	523	1393
522	524	1007
522	531	1254
523	522	1393
523	472	676
523	537	373
523	538	1140
524	522	1007
524	532	1344
524	538	1437
524	534	737
525	434	2145
525	526	836
525	529	3621
525	435	2508
526	527	658
526	519	1254
526	528	1609
526	525	836
527	526	658
528	526	1609
528	535	2781
528	587	806
529	525	3621
529	588	1022
529	581	7547
530	520	498
530	503	268
531	519	1672
531	522	1254
532	524	1344
532	533	1254
533	532	1254
534	535	1306
534	524	737
534	550	1533
534	559	806
535	534	1306
535	528	2781
536	472	1393
537	523	373
537	539	418
538	523	1140
538	542	927
538	550	612
538	524	1437
539	537	418
539	540	336
539	541	344
540	539	336
540	542	809
541	539	344
541	492	2359
541	543	818
542	540	809
542	538	927
542	549	580
543	541	818
543	544	238
544	543	238
544	545	238
545	544	238
545	501	610
545	546	435
546	545	435
546	547	2002
547	546	2002
547	554	276
547	557	1280
548	549	806
549	548	806
549	542	580
549	551	279
550	538	612
550	551	1446
550	553	737
550	534	1533
551	549	279
551	552	737
551	550	1446
552	551	737
552	553	1446
553	550	737
553	552	1446
553	560	750
553	559	1585
554	502	1501
554	547	276
555	556	2405
555	1686	765
555	558	1185
556	555	2405
557	547	1280
557	558	3949
557	569	474
557	570	336
558	557	3949
558	555	1185
558	1688	1413
559	534	806
559	553	1585
559	563	672
559	565	1344
560	553	750
560	561	750
560	562	1545
560	563	1393
561	560	750
561	566	502
561	564	1639
562	560	1545
563	559	672
563	560	1393
563	564	877
563	593	1393
564	563	877
564	561	1639
564	589	1254
565	559	1344
565	587	2737
566	561	502
566	567	810
566	569	857
567	568	346
567	569	283
567	566	810
568	567	346
569	567	283
569	557	474
569	566	857
570	557	336
570	571	1741
570	573	1151
570	594	3890
571	570	1741
571	572	3967
571	573	2689
572	571	3967
573	570	1151
573	571	2689
573	594	2828
574	581	1146
574	435	4777
575	429	418
576	577	7783
576	584	3488
576	582	809
577	576	7783
577	594	672
578	430	649
578	433	2489
578	99	740
579	430	706
579	100	501
581	574	1146
581	529	7547
582	583	4107
582	576	809
582	591	951
583	582	4107
583	58	448
583	585	826
584	576	3488
584	58	1400
585	583	826
586	592	7085
587	528	806
587	565	2737
587	588	1344
588	587	1344
588	529	1022
588	590	1096
589	590	1597
589	564	1254
590	589	1597
590	588	1096
590	593	1687
591	582	951
592	586	7085
592	595	10766
593	563	1393
593	590	1687
594	577	672
594	570	3890
594	573	2828
595	592	10766
595	1693	1658
595	1696	869
595	1697	8276
596	597	806
596	602	737
596	2047	1948
597	596	806
598	599	1481
598	600	975
598	618	788
598	624	1341
599	598	1481
599	2045	951
599	2051	747
599	2052	948
600	601	806
600	598	975
600	611	889
601	600	806
601	2051	806
602	596	737
602	603	1906
602	604	1008
602	605	373
603	602	1906
603	2047	806
603	2051	713
604	602	1008
604	610	1483
604	612	1140
604	607	1951
605	602	373
605	606	1483
606	605	1483
606	607	1140
606	125	1322
607	606	1140
607	604	1951
607	697	1140
608	125	4226
608	699	1085
608	707	2620
608	127	884
609	610	279
610	609	279
610	611	1073
610	604	1483
611	610	1073
611	613	511
611	600	889
612	604	1140
612	613	1028
612	615	737
612	697	1951
613	611	511
613	614	1280
613	612	1028
614	613	1280
614	700	889
614	632	1483
615	612	737
615	698	1951
615	700	536
616	617	1341
616	625	557
616	626	1612
616	630	906
617	616	1341
617	2025	1007
617	2054	1672
617	618	1166
618	619	806
618	598	788
618	617	1166
619	618	806
620	621	2086
620	622	847
620	2038	1066
621	620	2086
621	2029	1554
621	623	1028
622	623	1810
622	627	1066
622	620	847
622	637	751
623	622	1810
623	2054	1274
623	621	1028
623	625	1167
624	598	1341
624	631	1341
624	632	975
624	630	1044
625	616	557
625	627	1681
625	623	1167
626	616	1612
626	627	788
626	636	806
626	628	747
627	625	1681
627	626	788
627	622	1066
628	629	1008
628	634	570
628	626	747
629	628	1008
630	616	906
630	624	1044
631	624	1341
631	635	1140
631	633	884
631	634	590
632	624	975
632	633	1208
632	614	1483
633	632	1208
633	701	2554
633	631	884
633	705	473
634	628	570
634	631	590
634	2298	729
635	631	1140
635	719	751
635	713	750
635	718	694
636	626	806
636	637	1762
636	639	889
636	718	1170
637	622	751
637	638	737
637	636	1762
638	637	737
638	640	737
638	641	1951
638	639	1585
639	636	889
639	719	2180
639	638	1585
639	721	605
640	638	737
640	642	1951
640	643	809
640	721	1623
641	638	1951
641	642	737
641	2038	1209
642	640	1951
642	641	737
642	656	806
643	640	809
643	656	1811
643	724	806
643	723	1715
643	2333	870
644	645	211
644	1771	211
644	1781	830
644	763	1322
645	644	211
646	647	2288
646	652	1550
646	653	697
646	2104	418
647	646	2288
647	2071	1062
647	2041	747
647	2074	373
648	649	2011
648	650	697
648	668	1946
648	680	836
649	648	2011
649	2084	403
649	2086	788
649	2106	279
650	651	1475
650	648	697
650	667	1946
650	665	697
651	650	1475
651	2105	474
651	2106	673
651	2110	801
652	646	1550
652	653	1409
652	669	536
652	661	673
653	646	697
653	652	1409
653	654	697
653	2041	2418
654	653	697
654	655	1945
654	658	605
654	2039	2359
655	654	1945
655	661	279
655	660	809
656	642	806
656	657	676
656	658	1066
656	643	1811
657	656	676
657	659	939
657	724	1779
658	656	1066
658	654	605
658	660	1885
658	2037	2682
659	657	939
659	801	336
659	725	1811
660	658	1885
660	655	809
660	801	975
661	655	279
661	652	673
661	669	418
661	800	789
662	663	139
662	2110	150
663	662	139
663	664	737
663	670	1099
663	2108	1140
664	663	737
664	665	222
664	666	1946
664	670	750
665	664	222
665	650	697
666	664	1946
666	675	238
666	676	2382
666	672	697
667	650	1946
667	675	649
667	668	697
667	686	2683
668	648	1946
668	679	836
668	685	2816
668	667	697
669	652	536
669	671	373
669	673	336
669	661	418
670	671	612
670	663	1099
670	664	750
670	672	1877
670	674	1280
670	2104	1946
671	670	612
671	669	373
671	673	435
672	670	1877
672	809	975
672	666	697
672	814	1877
673	669	336
673	671	435
673	674	536
673	806	1513
674	673	536
674	670	1280
674	809	1008
674	810	1182
675	667	649
675	666	238
676	666	2382
676	834	371
677	678	1878
677	679	750
677	684	672
677	682	1484
678	677	1878
678	2085	1810
678	2111	809
678	680	697
679	680	1946
679	677	750
679	683	2280
679	668	836
680	679	1946
680	2086	1945
680	648	836
680	678	697
681	682	809
681	691	1543
682	681	809
682	1787	173
682	677	1484
683	679	2280
683	687	805
683	829	605
684	677	672
685	668	2816
685	829	788
685	686	747
686	667	2683
686	685	747
686	833	557
687	688	386
687	689	709
687	690	2331
687	683	805
688	687	386
689	687	709
689	691	836
689	696	2281
690	687	2331
690	696	884
690	837	649
690	863	1556
691	681	1543
691	692	2956
691	695	2347
691	689	836
692	691	2956
692	695	1576
692	960	511
693	694	1809
693	955	1066
693	960	1258
694	693	1809
694	2121	605
694	2197	1484
695	691	2347
695	696	788
695	692	1576
696	689	2281
696	695	788
696	690	884
697	607	1140
697	612	1951
697	698	737
698	697	737
698	615	1951
698	699	1140
699	698	1140
699	701	1906
699	702	1079
699	608	1085
700	615	536
700	614	889
700	701	877
701	700	877
701	699	1906
701	703	809
701	633	2554
702	699	1079
702	703	2090
702	712	809
703	701	809
703	704	872
703	705	2507
703	702	2090
704	703	872
704	713	2507
704	714	605
704	712	2040
705	703	2507
705	633	473
705	713	872
706	176	418
706	127	418
706	708	2547
707	608	2620
707	715	1120
707	708	1120
708	706	2547
708	707	1120
708	744	747
709	178	1022
709	176	713
709	711	2413
709	174	3049
710	178	2413
710	711	1022
710	743	931
710	191	950
711	709	2413
711	710	1022
711	744	452
712	702	809
712	704	2040
712	715	676
713	704	2507
713	705	872
713	635	750
714	704	605
714	715	2090
714	719	3154
714	717	872
715	712	676
715	707	1120
715	716	872
715	714	2090
716	715	872
716	717	2089
716	745	3026
717	716	2089
717	714	872
717	720	3205
717	728	672
718	636	1170
718	635	694
719	635	751
719	720	809
719	639	2180
719	714	3154
720	719	809
720	721	2057
720	722	737
720	717	3205
721	720	2057
721	639	605
721	640	1623
721	723	737
722	720	737
722	730	737
722	723	2057
722	731	877
723	721	737
723	643	1715
723	726	939
723	722	2057
724	643	806
724	657	1779
724	725	806
724	726	1672
725	724	806
725	727	1585
725	659	1811
725	736	806
726	723	939
726	724	1672
726	727	872
726	731	2142
727	726	872
727	734	676
727	725	1585
727	733	2090
728	717	672
728	729	877
728	747	2089
728	1785	871
729	728	877
729	731	3155
729	732	872
729	748	2090
730	722	737
731	729	3155
731	722	877
731	726	2142
731	733	809
732	729	872
732	733	3205
732	772	672
732	775	2090
733	731	809
733	727	2090
733	739	737
733	732	3205
734	727	676
734	735	474
734	736	1623
734	739	2003
735	734	474
735	737	1585
735	738	336
735	740	2090
736	734	1623
736	725	806
736	802	1811
736	737	336
737	735	1585
737	736	336
737	803	1901
737	815	474
738	735	336
738	741	2142
738	815	1623
738	783	809
739	733	737
739	734	2003
739	740	403
739	773	1393
740	739	403
740	735	2090
740	741	403
740	774	2458
741	740	403
741	742	737
741	738	2142
741	780	1811
742	741	737
742	779	3155
742	782	737
742	783	2229
743	710	931
743	745	1932
743	252	765
744	708	747
744	745	939
744	711	452
745	744	939
745	743	1932
745	716	3026
745	746	1543
746	745	1543
746	749	1008
746	750	893
747	728	2089
748	729	2090
749	746	1008
750	252	1897
750	752	975
750	746	893
750	754	1481
751	252	939
751	752	649
751	755	1521
751	756	928
752	750	975
752	753	1482
752	751	649
753	752	1482
754	750	1481
755	751	1521
755	761	91
756	757	697
756	751	928
756	759	1565
757	756	697
757	758	1543
757	253	788
758	757	1543
758	1337	133
759	756	1565
759	1336	179
760	761	373
760	762	688
760	1350	1609
761	760	373
761	1336	750
761	755	91
762	760	688
762	768	747
762	769	1372
763	764	536
763	1772	476
763	644	1322
763	1355	794
764	763	536
765	766	1066
765	788	612
766	765	1066
766	767	1022
766	770	1119
767	766	1022
767	770	1888
767	791	782
768	762	747
768	770	1222
769	762	1372
769	1351	667
770	768	1222
770	766	1119
770	767	1888
771	67	597
771	1351	81
771	73	759
772	732	672
772	773	1762
772	776	2142
773	772	1762
773	739	1393
774	740	2458
774	777	836
775	732	2090
776	772	2142
777	774	836
777	778	473
777	788	2003
778	777	473
778	779	672
778	780	1393
778	789	2040
779	778	672
779	742	3155
779	781	806
779	790	2090
780	778	1393
780	741	1811
781	779	806
781	792	2003
781	782	3205
781	794	672
782	742	737
782	784	737
782	785	2229
782	781	3205
783	742	2229
783	738	809
783	816	1533
783	785	737
784	782	737
784	786	2229
784	787	672
784	794	3155
785	782	2229
785	783	737
785	817	1533
785	786	737
786	784	2229
786	785	737
786	818	1533
786	874	737
787	784	672
787	795	3065
787	874	2180
787	797	737
788	765	612
788	777	2003
789	778	2040
790	779	2090
791	767	782
791	792	893
792	791	893
792	781	2003
792	795	2568
793	64	337
794	781	672
794	784	3155
794	795	750
795	794	750
795	796	737
795	787	3065
795	797	3152
795	1352	2369
795	792	2568
796	795	737
796	798	1115
796	799	474
796	1389	2369
797	795	3152
797	787	737
797	894	872
797	893	1000
798	796	1115
799	796	474
800	661	789
800	803	1482
801	659	336
801	660	975
801	802	475
802	801	475
802	736	1811
802	803	418
803	802	418
803	800	1482
803	804	418
803	737	1901
804	803	418
804	805	605
804	806	1438
804	815	1951
805	804	605
805	807	1299
805	808	806
805	816	1918
806	804	1438
806	673	1513
806	811	354
807	805	1299
807	811	276
807	813	2079
808	805	806
808	817	1863
808	819	737
809	674	1008
809	672	975
809	812	1810
809	810	557
810	674	1182
810	809	557
810	813	2404
810	811	418
811	806	354
811	810	418
811	807	276
812	809	1810
812	814	927
813	810	2404
813	807	2079
813	824	3933
814	672	1877
814	812	927
814	831	227
815	737	474
815	804	1951
815	816	737
815	738	1623
816	815	737
816	805	1918
816	817	737
816	783	1533
817	816	737
817	785	1533
817	818	737
817	808	1863
818	817	737
818	819	1863
818	820	737
818	786	1533
819	818	1863
819	808	737
819	821	737
820	818	737
820	821	1863
820	875	676
820	874	1533
821	819	737
821	825	939
821	820	1863
822	823	2678
823	822	2678
823	827	1124
823	826	1631
824	813	3933
824	857	373
825	821	939
825	826	474
825	875	1948
826	825	474
826	823	1631
826	828	276
827	823	1124
827	854	1000
827	882	2515
828	826	276
828	876	1901
828	882	403
829	683	605
829	685	788
829	830	809
830	829	809
830	836	2279
830	837	738
831	832	552
831	814	227
831	2303	1095
832	831	552
833	834	111
833	686	557
834	833	111
834	119	806
834	676	371
835	119	688
835	836	336
835	849	610
836	830	2279
836	835	336
837	830	738
837	690	649
837	841	347
837	849	2340
838	839	2003
838	960	276
838	1059	1124
839	838	2003
840	841	329
840	842	672
840	108	1818
841	840	329
841	837	347
842	840	672
842	105	1893
842	861	328
843	844	1357
843	1059	1411
843	1066	605
844	843	1357
844	847	788
844	846	616
845	846	994
845	1094	373
845	848	847
846	845	994
846	844	616
847	844	788
847	848	1475
847	862	474
848	847	1475
848	864	884
848	845	847
849	835	610
849	117	107
849	837	2340
850	851	294
850	852	95
850	859	1986
851	850	294
851	853	562
851	857	688
851	860	2481
852	850	95
852	105	758
853	851	562
853	855	1375
853	857	276
853	858	806
854	827	1000
854	857	672
855	853	1375
855	856	708
855	884	2614
856	855	708
856	885	2376
856	858	1592
856	891	827
857	824	373
857	853	276
857	851	688
857	854	672
858	853	806
858	856	1592
858	911	751
858	912	581
859	850	1986
859	861	481
859	860	806
860	851	2481
860	859	806
860	868	1357
860	864	788
861	859	481
861	842	328
862	863	1015
862	847	474
862	864	1337
862	865	697
863	862	1015
863	690	1556
864	862	1337
864	848	884
864	860	788
864	867	653
865	862	697
866	867	98
866	871	403
866	872	713
866	869	2087
867	866	98
867	864	653
868	860	1357
868	912	884
868	870	640
869	870	238
869	866	2087
869	919	276
869	914	847
870	869	238
870	868	640
871	866	403
871	873	738
872	866	713
872	1103	747
872	1104	354
873	871	738
873	920	2139
873	1107	610
873	924	476
874	786	737
874	820	1533
874	877	737
874	787	2180
875	820	676
875	825	1948
875	876	872
875	877	1446
876	875	872
876	879	1494
876	880	1585
876	828	1901
876	882	1932
876	883	737
877	874	737
877	878	1205
877	875	1446
877	879	536
878	877	1205
879	877	536
879	880	354
879	876	1494
879	893	1273
880	879	354
880	876	1585
880	881	737
880	894	2041
881	880	737
881	883	1585
881	895	676
881	896	1066
882	876	1932
882	828	403
882	827	2515
882	884	336
883	876	737
883	887	806
883	881	1585
883	886	1080
884	882	336
884	855	2614
884	885	738
884	886	821
885	884	738
885	888	849
885	890	738
885	856	2376
886	884	821
886	883	1080
887	883	806
887	889	672
887	895	1623
887	888	1102
888	885	849
888	887	1102
889	887	672
889	890	1901
889	902	676
889	900	1585
890	885	738
890	891	2216
890	892	751
890	889	1901
891	890	2216
891	856	827
891	911	1612
891	913	629
892	890	751
892	902	1854
892	913	2139
892	908	809
893	879	1273
893	797	1000
894	797	872
894	880	2041
894	2302	2941
895	881	676
895	899	1122
895	887	1623
895	900	809
896	881	1066
897	898	737
897	900	2090
897	901	738
897	1393	3205
898	897	737
899	895	1122
900	897	2090
900	895	809
900	889	1585
900	904	737
901	897	738
901	904	2091
901	1483	737
901	1395	3066
902	889	676
902	903	809
902	892	1854
902	904	1501
903	902	809
903	905	1585
903	907	676
903	908	1854
904	900	737
904	902	1501
904	905	737
904	901	2091
905	904	737
905	903	1585
905	906	737
905	1484	750
906	905	737
906	907	1501
906	1486	1409
907	903	676
907	909	1948
907	910	809
907	906	1501
908	903	1854
908	892	809
908	916	2035
908	909	738
909	907	1948
909	908	738
909	918	2035
909	934	738
910	907	809
910	1486	1702
910	934	1854
910	1513	605
911	858	751
911	891	1612
911	914	688
911	915	708
912	858	581
912	868	884
913	891	629
913	892	2139
913	916	738
913	915	1592
914	911	688
914	869	847
915	911	708
915	913	1592
915	921	924
915	917	682
916	913	738
916	917	1248
916	918	738
916	908	2035
917	916	1248
917	915	682
917	927	238
917	928	673
918	916	738
918	909	2035
918	928	796
918	935	836
919	869	276
919	920	474
920	919	474
920	921	847
920	922	511
920	873	2139
921	920	847
921	915	924
922	920	511
922	923	403
922	924	1873
923	922	403
923	926	1055
923	929	672
924	922	1873
924	873	476
924	1147	336
925	2	326
926	923	1055
926	927	1031
927	917	238
927	926	1031
928	917	673
928	918	796
928	939	672
928	935	682
929	923	672
929	930	1120
929	931	676
929	932	1022
930	929	1120
930	939	1031
931	929	676
931	933	474
931	942	1022
932	929	1022
933	931	474
933	1154	1205
933	945	476
934	909	738
934	936	806
934	935	2273
934	910	1854
935	918	836
935	934	2273
935	928	682
935	940	1124
935	937	870
936	934	806
936	937	2005
936	938	806
936	1513	1867
937	936	2005
937	935	870
937	941	1293
937	946	870
938	936	806
938	1514	1873
938	1516	111
939	928	672
939	930	1031
939	940	676
940	939	676
940	935	1124
940	941	676
940	942	1140
941	940	676
941	943	1268
941	944	1009
941	937	1293
942	940	1140
942	931	1022
943	941	1268
943	945	1031
944	941	1009
944	946	1742
944	949	1268
944	950	939
945	943	1031
945	933	476
945	948	872
946	937	870
946	944	1742
946	947	1085
946	1516	1635
947	946	1085
947	1517	2044
947	950	1530
947	1522	939
948	949	950
948	945	872
948	1169	1055
948	1173	1063
949	948	950
949	944	1268
950	944	939
950	947	1530
950	1173	1293
950	1523	1209
951	952	1209
951	957	562
951	956	788
951	959	946
952	951	1209
952	955	939
952	2197	1475
952	954	1446
953	954	1543
953	957	975
953	2202	1115
954	953	1543
954	2198	1475
954	952	1446
954	2156	1066
955	693	1066
955	952	939
955	956	872
956	955	872
956	960	2183
956	951	788
957	951	562
957	953	975
957	961	2335
958	959	663
958	965	1438
958	966	1610
958	1062	889
959	958	663
959	951	946
960	693	1258
960	956	2183
960	838	276
960	692	511
961	957	2335
961	964	1268
961	965	836
962	963	1624
962	976	829
962	2207	458
963	962	1624
963	2202	511
963	2200	418
964	961	1268
964	968	1254
964	976	510
964	978	878
965	958	1438
965	961	836
965	967	1613
966	958	1610
966	967	1299
966	1078	605
966	1077	788
967	965	1613
967	966	1299
967	1080	139
968	969	1140
968	977	635
968	964	1254
968	976	746
969	968	1140
969	2209	951
969	2207	418
970	971	417
970	980	747
970	997	1543
970	975	788
971	970	417
972	973	484
972	998	1307
972	1004	873
972	2243	927
973	972	484
973	2212	726
974	975	806
974	998	738
974	2213	697
975	974	806
975	2210	939
975	2212	1357
975	970	788
976	962	829
976	964	510
976	968	746
977	968	635
978	964	878
978	987	747
978	1080	1494
978	990	753
979	115	209
979	2002	1188
979	2131	672
980	981	884
980	995	389
980	970	747
980	996	1613
981	980	884
981	982	1073
981	983	238
982	981	1073
982	994	786
982	1001	738
983	981	238
983	984	475
984	983	475
984	985	1008
984	986	747
985	984	1008
985	994	255
986	987	847
986	984	747
986	991	1008
987	986	847
987	988	1073
987	978	747
988	987	1073
988	993	403
989	990	256
989	1121	311
990	989	256
990	978	753
990	1081	1502
991	986	1008
991	992	276
992	991	276
992	993	697
992	994	794
993	988	403
993	1120	612
993	992	697
994	982	786
994	992	794
994	985	255
995	980	389
996	980	1613
996	997	788
996	1002	1613
996	1001	751
997	970	1543
997	998	788
997	999	1482
997	996	788
998	974	738
998	997	788
998	1000	738
998	972	1307
999	997	1482
999	1005	747
999	1006	3220
999	1002	751
1000	998	738
1000	1004	1345
1000	1005	827
1001	982	738
1001	996	751
1001	1003	751
1001	1122	2926
1002	996	1613
1002	1126	788
1002	999	751
1002	1129	2954
1003	1001	751
1003	1123	2787
1003	1126	738
1004	1000	1345
1004	972	873
1004	1016	751
1004	1009	1715
1005	1000	827
1005	999	747
1005	1016	1394
1005	1024	672
1006	999	3220
1006	1235	697
1006	1238	1946
1006	1129	847
1007	521	1124
1008	1009	806
1008	1017	677
1008	1016	1810
1009	1008	806
1009	2239	809
1009	2242	1951
1009	1004	1715
1010	1011	2012
1010	1014	788
1010	1012	612
1011	1010	2012
1011	2246	1502
1011	2245	697
1011	1013	697
1012	1013	2081
1012	1028	1085
1012	1010	612
1012	1031	873
1013	1012	2081
1013	2242	1543
1013	1011	697
1013	2251	426
1014	1015	876
1014	1010	788
1014	1034	806
1014	2262	749
1015	1014	876
1015	2245	1205
1016	1004	751
1016	1008	1810
1016	1023	806
1016	1005	1394
1017	1008	677
1017	1021	373
1017	1022	806
1017	1023	1762
1018	1019	386
1018	1028	2218
1018	2251	410
1019	1018	386
1019	1021	451
1020	1021	2282
1020	1028	612
1020	1030	1274
1020	1029	474
1021	1020	2282
1021	1017	373
1021	1019	451
1022	1017	806
1022	1026	810
1022	1025	1623
1023	1016	806
1023	1017	1762
1023	1025	809
1023	1024	1299
1024	1005	672
1024	1023	1299
1024	1233	873
1025	1023	809
1025	1022	1623
1025	1027	751
1025	1233	1345
1026	1022	810
1026	1029	806
1026	1027	1854
1027	1025	751
1027	1234	1299
1027	1026	1854
1027	1236	806
1028	1018	2218
1028	1012	1085
1028	1020	612
1029	1026	806
1029	1236	1854
1029	1020	474
1029	1240	709
1030	1020	1274
1030	1033	1672
1030	1244	1079
1030	1242	788
1031	1012	873
1031	1032	1022
1031	1033	605
1031	1034	1307
1032	1031	1022
1033	1031	605
1033	1035	1993
1033	1036	738
1033	1030	1672
1034	1031	1307
1034	1014	806
1034	1041	788
1035	1033	1993
1035	1041	751
1035	1043	1357
1035	1045	751
1036	1033	738
1036	1245	976
1036	1045	1854
1036	1280	276
1037	1038	354
1037	1041	1357
1037	1043	751
1037	1040	1258
1038	1037	354
1038	2259	605
1038	2260	1299
1039	1040	873
1039	1043	1458
1039	1052	139
1039	1047	605
1040	1039	873
1040	2261	139
1040	1037	1258
1041	1042	476
1041	1034	788
1041	1037	1357
1041	1035	751
1042	1041	476
1043	1037	751
1043	1044	629
1043	1039	1458
1043	1035	1357
1044	1043	629
1044	1046	605
1044	1047	1594
1044	1045	1299
1045	1035	751
1045	1044	1299
1045	1048	476
1045	1036	1854
1046	1044	605
1046	1050	252
1047	1044	1594
1047	1039	605
1047	1053	238
1047	112	677
1048	1045	476
1048	1049	276
1049	1048	276
1049	1281	1854
1049	1050	1258
1049	1283	751
1050	1046	252
1050	98	848
1050	1051	751
1050	1049	1258
1051	1050	751
1051	1283	1258
1051	1288	677
1052	1039	139
1052	2517	947
1053	1047	238
1053	2335	1409
1054	98	276
1055	98	2053
1055	1058	848
1055	1293	677
1055	1289	747
1056	97	588
1056	1057	396
1056	1058	1502
1057	1056	396
1057	2336	1764
1058	1056	1502
1058	1055	848
1058	1294	713
1059	838	1124
1059	1061	373
1059	843	1411
1060	1061	1254
1061	1060	1254
1061	1062	1336
1061	1059	373
1062	1061	1336
1062	958	889
1062	1063	1411
1062	1064	836
1063	1062	1411
1063	1077	238
1063	1087	557
1064	1062	836
1064	1065	1342
1064	1066	1918
1065	1064	1342
1065	1071	557
1065	1087	238
1066	843	605
1066	1064	1918
1066	1067	403
1066	1068	747
1067	1066	403
1067	1069	697
1067	1070	605
1068	1066	747
1069	1067	697
1070	1067	605
1070	1094	847
1070	1072	649
1070	1100	517
1071	1072	747
1071	1065	557
1071	1076	543
1072	1071	747
1072	1070	649
1072	1074	554
1073	1074	454
1073	1101	2146
1074	1073	454
1074	1072	554
1075	1076	396
1075	1110	2012
1076	1075	396
1076	1071	543
1077	1063	238
1077	966	788
1077	1079	672
1078	966	605
1078	1079	697
1078	1084	440
1079	1077	672
1079	1078	697
1079	1090	276
1080	978	1494
1080	967	139
1080	1082	796
1081	1082	277
1081	1086	541
1081	990	1502
1081	2316	868
1082	1081	277
1082	1080	796
1083	1084	170
1084	1083	170
1084	1078	440
1085	1086	398
1085	1093	836
1085	1120	1585
1085	1124	738
1086	1085	398
1086	1081	541
1086	1121	1552
1087	1063	557
1087	1065	238
1087	1089	612
1088	1089	397
1088	1092	1878
1089	1088	397
1089	1087	612
1090	1079	276
1090	1091	1881
1091	1090	1881
1091	1092	836
1091	1112	939
1092	1088	1878
1092	1091	836
1092	1111	1610
1092	1110	836
1093	1085	836
1094	845	373
1094	1070	847
1094	1096	583
1095	1096	168
1095	1097	279
1095	1103	649
1096	1095	168
1096	1094	583
